Running 30s test @ http://127.0.0.1:18203/
  4 threads and 1024 connections
  Thread calibration: mean lat.: 2245.564ms, rate sampling interval: 7880ms
  Thread calibration: mean lat.: 2303.520ms, rate sampling interval: 8241ms
  Thread calibration: mean lat.: 2281.858ms, rate sampling interval: 8237ms
  Thread calibration: mean lat.: 2331.987ms, rate sampling interval: 8200ms
  Thread Stats   Avg      Stdev     Max   +/- Stdev
    Latency     8.42s     2.31s   12.72s    56.83%
    Req/Sec    17.11k   140.85    17.35k    62.50%
  Latency Distribution (HdrHistogram - Recorded Latency)
 50.000%    8.40s 
 75.000%   10.38s 
 90.000%   11.69s 
 99.000%   12.45s 
 99.900%   12.59s 
 99.990%   12.66s 
 99.999%   12.70s 
100.000%   12.73s 

  Detailed Percentile spectrum:
       Value   Percentile   TotalCount 1/(1-Percentile)

    4218.879     0.000000            1         1.00
    5210.111     0.100000       127812         1.11
    5959.679     0.200000       255043         1.25
    6766.591     0.300000       382151         1.43
    7589.887     0.400000       509745         1.67
    8404.991     0.500000       636922         2.00
    8806.399     0.550000       700065         2.22
    9232.383     0.600000       764345         2.50
    9601.023     0.650000       827301         2.86
   10027.007     0.700000       891542         3.33
   10379.263     0.750000       954554         4.00
   10641.407     0.775000       986675         4.44
   10838.015     0.800000      1018425         5.00
   10985.471     0.825000      1050314         5.71
   11157.503     0.850000      1082299         6.67
   11427.839     0.875000      1113967         8.00
   11575.295     0.887500      1129724         8.89
   11689.983     0.900000      1145978        10.00
   11771.903     0.912500      1161923        11.43
   11853.823     0.925000      1178107        13.33
   11927.551     0.937500      1192893        16.00
   11976.703     0.943750      1202119        17.78
   12017.663     0.950000      1209165        20.00
   12075.007     0.956250      1217807        22.86
   12132.351     0.962500      1225132        26.67
   12206.079     0.968750      1233316        32.00
   12238.847     0.971875      1236907        35.56
   12279.807     0.975000      1241486        40.00
   12312.575     0.978125      1245130        45.71
   12345.343     0.981250      1248689        53.33
   12386.303     0.984375      1252909        64.00
   12402.687     0.985938      1254570        71.11
   12427.263     0.987500      1257076        80.00
   12443.647     0.989062      1258812        91.43
   12460.031     0.990625      1260584       106.67
   12484.607     0.992188      1263216       128.00
   12492.799     0.992969      1264038       142.22
   12500.991     0.993750      1264856       160.00
   12509.183     0.994531      1265657       182.86
   12517.375     0.995313      1266432       213.33
   12533.759     0.996094      1267824       256.00
   12541.951     0.996484      1268481       284.44
   12541.951     0.996875      1268481       320.00
   12550.143     0.997266      1269101       365.71
   12558.335     0.997656      1269673       426.67
   12566.527     0.998047      1270170       512.00
   12566.527     0.998242      1270170       568.89
   12574.719     0.998437      1270592       640.00
   12582.911     0.998633      1270983       731.43
   12582.911     0.998828      1270983       853.33
   12591.103     0.999023      1271294      1024.00
   12591.103     0.999121      1271294      1137.78
   12599.295     0.999219      1271552      1280.00
   12599.295     0.999316      1271552      1462.86
   12607.487     0.999414      1271751      1706.67
   12615.679     0.999512      1271913      2048.00
   12615.679     0.999561      1271913      2275.56
   12615.679     0.999609      1271913      2560.00
   12623.871     0.999658      1272042      2925.71
   12623.871     0.999707      1272042      3413.33
   12632.063     0.999756      1272138      4096.00
   12632.063     0.999780      1272138      4551.11
   12640.255     0.999805      1272202      5120.00
   12640.255     0.999829      1272202      5851.43
   12640.255     0.999854      1272202      6826.67
   12648.447     0.999878      1272258      8192.00
   12648.447     0.999890      1272258      9102.22
   12656.639     0.999902      1272292     10240.00
   12656.639     0.999915      1272292     11702.86
   12664.831     0.999927      1272320     13653.33
   12664.831     0.999939      1272320     16384.00
   12664.831     0.999945      1272320     18204.44
   12673.023     0.999951      1272344     20480.00
   12673.023     0.999957      1272344     23405.71
   12673.023     0.999963      1272344     27306.67
   12681.215     0.999969      1272360     32768.00
   12681.215     0.999973      1272360     36408.89
   12681.215     0.999976      1272360     40960.00
   12681.215     0.999979      1272360     46811.43
   12689.407     0.999982      1272370     54613.33
   12689.407     0.999985      1272370     65536.00
   12689.407     0.999986      1272370     72817.78
   12697.599     0.999988      1272381     81920.00
   12697.599     0.999989      1272381     93622.86
   12697.599     0.999991      1272381    109226.67
   12697.599     0.999992      1272381    131072.00
   12697.599     0.999993      1272381    145635.56
   12697.599     0.999994      1272381    163840.00
   12697.599     0.999995      1272381    187245.71
   12705.791     0.999995      1272383    218453.33
   12705.791     0.999996      1272383    262144.00
   12705.791     0.999997      1272383    291271.11
   12713.983     0.999997      1272384    327680.00
   12713.983     0.999997      1272384    374491.43
   12722.175     0.999998      1272385    436906.67
   12722.175     0.999998      1272385    524288.00
   12722.175     0.999998      1272385    582542.22
   12730.367     0.999998      1272387    655360.00
   12730.367     1.000000      1272387          inf
#[Mean    =     8417.596, StdDeviation   =     2311.917]
#[Max     =    12722.176, Total count    =      1272387]
#[Buckets =           27, SubBuckets     =         2048]
----------------------------------------------------------
  1977360 requests in 30.00s, 181.03MB read
Requests/sec:  65910.22
Transfer/sec:      6.03MB
