Running 30s test @ http://127.0.0.1:18201/
  4 threads and 1024 connections
  Thread calibration: mean lat.: 12.647ms, rate sampling interval: 81ms
  Thread calibration: mean lat.: 12.616ms, rate sampling interval: 77ms
  Thread calibration: mean lat.: 10.615ms, rate sampling interval: 51ms
  Thread calibration: mean lat.: 14.140ms, rate sampling interval: 76ms
  Thread Stats   Avg      Stdev     Max   +/- Stdev
    Latency    11.14ms   14.88ms 180.22ms   90.22%
    Req/Sec    15.11k     0.95k   20.68k    79.89%
  Latency Distribution (HdrHistogram - Recorded Latency)
 50.000%    6.36ms
 75.000%   12.85ms
 90.000%   25.74ms
 99.000%   89.66ms
 99.900%  121.21ms
 99.990%  146.94ms
 99.999%  170.24ms
100.000%  180.35ms

  Detailed Percentile spectrum:
       Value   Percentile   TotalCount 1/(1-Percentile)

       0.058     0.000000            1         1.00
       1.515     0.100000       112342         1.11
       2.371     0.200000       224721         1.25
       3.521     0.300000       336956         1.43
       4.863     0.400000       449233         1.67
       6.359     0.500000       561489         2.00
       7.231     0.550000       617723         2.22
       8.171     0.600000       673797         2.50
       9.287     0.650000       730108         2.86
      10.735     0.700000       786122         3.33
      12.847     0.750000       842371         4.00
      14.279     0.775000       870417         4.44
      15.895     0.800000       898385         5.00
      17.775     0.825000       926616         5.71
      19.967     0.850000       954662         6.67
      22.655     0.875000       982652         8.00
      24.143     0.887500       996695         8.89
      25.743     0.900000      1010763        10.00
      27.615     0.912500      1024704        11.43
      30.047     0.925000      1038751        13.33
      33.023     0.937500      1052799        16.00
      34.815     0.943750      1059822        17.78
      36.895     0.950000      1066869        20.00
      39.423     0.956250      1073850        22.86
      42.495     0.962500      1080839        26.67
      46.271     0.968750      1087885        32.00
      48.415     0.971875      1091356        35.56
      50.751     0.975000      1094885        40.00
      53.727     0.978125      1098375        45.71
      57.663     0.981250      1101886        53.33
      63.327     0.984375      1105391        64.00
      68.415     0.985938      1107159        71.11
      76.223     0.987500      1108908        80.00
      86.975     0.989062      1110664        91.43
      91.199     0.990625      1112414       106.67
      94.847     0.992188      1114180       128.00
      96.191     0.992969      1115070       142.22
      97.407     0.993750      1115933       160.00
      98.879     0.994531      1116814       182.86
     100.927     0.995313      1117682       213.33
     103.743     0.996094      1118563       256.00
     105.855     0.996484      1118992       284.44
     108.031     0.996875      1119429       320.00
     110.783     0.997266      1119868       365.71
     113.471     0.997656      1120311       426.67
     115.647     0.998047      1120746       512.00
     116.735     0.998242      1120975       568.89
     117.567     0.998437      1121189       640.00
     118.719     0.998633      1121412       731.43
     119.871     0.998828      1121626       853.33
     121.407     0.999023      1121847      1024.00
     122.047     0.999121      1121954      1137.78
     123.135     0.999219      1122059      1280.00
     124.351     0.999316      1122170      1462.86
     126.143     0.999414      1122279      1706.67
     127.999     0.999512      1122389      2048.00
     129.343     0.999561      1122449      2275.56
     130.559     0.999609      1122498      2560.00
     132.223     0.999658      1122554      2925.71
     134.271     0.999707      1122610      3413.33
     136.575     0.999756      1122662      4096.00
     137.727     0.999780      1122690      4551.11
     139.775     0.999805      1122719      5120.00
     141.439     0.999829      1122745      5851.43
     143.615     0.999854      1122772      6826.67
     145.023     0.999878      1122799      8192.00
     146.175     0.999890      1122812      9102.22
     147.199     0.999902      1122826     10240.00
     149.503     0.999915      1122840     11702.86
     151.039     0.999927      1122855     13653.33
     153.599     0.999939      1122867     16384.00
     154.623     0.999945      1122875     18204.44
     155.775     0.999951      1122882     20480.00
     157.055     0.999957      1122889     23405.71
     158.335     0.999963      1122894     27306.67
     161.535     0.999969      1122901     32768.00
     163.839     0.999973      1122907     36408.89
     164.351     0.999976      1122908     40960.00
     165.119     0.999979      1122912     46811.43
     165.759     0.999982      1122915     54613.33
     167.807     0.999985      1122918     65536.00
     168.831     0.999986      1122920     72817.78
     169.343     0.999988      1122922     81920.00
     170.239     0.999989      1122924     93622.86
     170.495     0.999991      1122925    109226.67
     171.391     0.999992      1122927    131072.00
     172.799     0.999993      1122928    145635.56
     174.207     0.999994      1122929    163840.00
     174.975     0.999995      1122930    187245.71
     174.975     0.999995      1122930    218453.33
     176.255     0.999996      1122931    262144.00
     176.639     0.999997      1122932    291271.11
     176.639     0.999997      1122932    327680.00
     178.175     0.999997      1122933    374491.43
     178.175     0.999998      1122933    436906.67
     178.175     0.999998      1122933    524288.00
     178.943     0.999998      1122934    582542.22
     178.943     0.999998      1122934    655360.00
     178.943     0.999999      1122934    748982.86
     178.943     0.999999      1122934    873813.33
     178.943     0.999999      1122934   1048576.00
     180.351     0.999999      1122935   1165084.44
     180.351     1.000000      1122935          inf
#[Mean    =       11.143, StdDeviation   =       14.878]
#[Max     =      180.224, Total count    =      1122935]
#[Buckets =           27, SubBuckets     =         2048]
----------------------------------------------------------
  1748961 requests in 30.00s, 160.12MB read
Requests/sec:  58296.68
Transfer/sec:      5.34MB
