Running 30s test @ http://127.0.0.1:18202/
  4 threads and 1024 connections
  Thread calibration: mean lat.: 2191.720ms, rate sampling interval: 7901ms
  Thread calibration: mean lat.: 2165.257ms, rate sampling interval: 8138ms
  Thread calibration: mean lat.: 2101.611ms, rate sampling interval: 7872ms
  Thread calibration: mean lat.: 2230.289ms, rate sampling interval: 7999ms
  Thread Stats   Avg      Stdev     Max   +/- Stdev
    Latency     8.42s     2.34s   12.75s    56.68%
    Req/Sec    17.03k   342.46    17.52k    50.00%
  Latency Distribution (HdrHistogram - Recorded Latency)
 50.000%    8.36s 
 75.000%   10.44s 
 90.000%   11.72s 
 99.000%   12.46s 
 99.900%   12.64s 
 99.990%   12.70s 
 99.999%   12.73s 
100.000%   12.76s 

  Detailed Percentile spectrum:
       Value   Percentile   TotalCount 1/(1-Percentile)

    4210.687     0.000000            1         1.00
    5152.767     0.100000       126741         1.11
    5935.103     0.200000       253665         1.25
    6758.399     0.300000       380117         1.43
    7540.735     0.400000       507312         1.67
    8359.935     0.500000       633768         2.00
    8798.207     0.550000       696824         2.22
    9248.767     0.600000       761143         2.50
    9617.407     0.650000       823826         2.86
   10092.543     0.700000       888043         3.33
   10444.799     0.750000       951127         4.00
   10682.367     0.775000       982415         4.44
   10895.359     0.800000      1014255         5.00
   11075.583     0.825000      1046321         5.71
   11239.423     0.850000      1077199         6.67
   11476.991     0.875000      1108576         8.00
   11616.255     0.887500      1125114         8.89
   11722.751     0.900000      1140524        10.00
   11812.863     0.912500      1156453        11.43
   11886.591     0.925000      1171875        13.33
   11968.511     0.937500      1187783        16.00
   12017.663     0.943750      1196672        17.78
   12058.623     0.950000      1203784        20.00
   12107.775     0.956250      1211472        22.86
   12165.119     0.962500      1219544        26.67
   12230.655     0.968750      1227823        32.00
   12263.423     0.971875      1231765        35.56
   12296.191     0.975000      1235717        40.00
   12328.959     0.978125      1239640        45.71
   12361.727     0.981250      1243482        53.33
   12394.495     0.984375      1247162        64.00
   12419.071     0.985938      1249796        71.11
   12435.455     0.987500      1251534        80.00
   12451.839     0.989062      1253246        91.43
   12468.223     0.990625      1255010       106.67
   12492.799     0.992188      1257509       128.00
   12500.991     0.992969      1258281       142.22
   12509.183     0.993750      1259043       160.00
   12525.567     0.994531      1260437       182.86
   12533.759     0.995313      1261067       213.33
   12550.143     0.996094      1262173       256.00
   12558.335     0.996484      1262664       284.44
   12566.527     0.996875      1263111       320.00
   12574.719     0.997266      1263529       365.71
   12582.911     0.997656      1263888       426.67
   12599.295     0.998047      1264527       512.00
   12607.487     0.998242      1264815       568.89
   12615.679     0.998437      1265071       640.00
   12623.871     0.998633      1265306       731.43
   12632.063     0.998828      1265533       853.33
   12640.255     0.999023      1265743      1024.00
   12640.255     0.999121      1265743      1137.78
   12648.447     0.999219      1265949      1280.00
   12656.639     0.999316      1266143      1462.86
   12656.639     0.999414      1266143      1706.67
   12664.831     0.999512      1266322      2048.00
   12664.831     0.999561      1266322      2275.56
   12673.023     0.999609      1266455      2560.00
   12673.023     0.999658      1266455      2925.71
   12673.023     0.999707      1266455      3413.33
   12681.215     0.999756      1266564      4096.00
   12681.215     0.999780      1266564      4551.11
   12689.407     0.999805      1266651      5120.00
   12689.407     0.999829      1266651      5851.43
   12689.407     0.999854      1266651      6826.67
   12697.599     0.999878      1266715      8192.00
   12697.599     0.999890      1266715      9102.22
   12697.599     0.999902      1266715     10240.00
   12697.599     0.999915      1266715     11702.86
   12705.791     0.999927      1266755     13653.33
   12705.791     0.999939      1266755     16384.00
   12705.791     0.999945      1266755     18204.44
   12713.983     0.999951      1266780     20480.00
   12713.983     0.999957      1266780     23405.71
   12713.983     0.999963      1266780     27306.67
   12713.983     0.999969      1266780     32768.00
   12722.175     0.999973      1266799     36408.89
   12722.175     0.999976      1266799     40960.00
   12722.175     0.999979      1266799     46811.43
   12722.175     0.999982      1266799     54613.33
   12722.175     0.999985      1266799     65536.00
   12730.367     0.999986      1266807     72817.78
   12730.367     0.999988      1266807     81920.00
   12730.367     0.999989      1266807     93622.86
   12730.367     0.999991      1266807    109226.67
   12738.559     0.999992      1266812    131072.00
   12738.559     0.999993      1266812    145635.56
   12738.559     0.999994      1266812    163840.00
   12738.559     0.999995      1266812    187245.71
   12746.751     0.999995      1266814    218453.33
   12746.751     0.999996      1266814    262144.00
   12746.751     0.999997      1266814    291271.11
   12754.943     0.999997      1266816    327680.00
   12754.943     0.999997      1266816    374491.43
   12754.943     0.999998      1266816    436906.67
   12754.943     0.999998      1266816    524288.00
   12754.943     0.999998      1266816    582542.22
   12763.135     0.999998      1266818    655360.00
   12763.135     1.000000      1266818          inf
#[Mean    =     8418.959, StdDeviation   =     2343.453]
#[Max     =    12754.944, Total count    =      1266818]
#[Buckets =           27, SubBuckets     =         2048]
----------------------------------------------------------
  1990738 requests in 30.00s, 182.26MB read
Requests/sec:  66355.19
Transfer/sec:      6.07MB
