Running 30s test @ http://127.0.0.1:18200/
  4 threads and 1024 connections
  Thread calibration: mean lat.: 6.780ms, rate sampling interval: 35ms
  Thread calibration: mean lat.: 13.359ms, rate sampling interval: 83ms
  Thread calibration: mean lat.: 11.561ms, rate sampling interval: 78ms
  Thread calibration: mean lat.: 8.055ms, rate sampling interval: 42ms
  Thread Stats   Avg      Stdev     Max   +/- Stdev
    Latency    12.46ms   18.94ms 134.02ms   87.34%
    Req/Sec    15.17k     1.34k   21.94k    80.74%
  Latency Distribution (HdrHistogram - Recorded Latency)
 50.000%    3.80ms
 75.000%   14.50ms
 90.000%   38.33ms
 99.000%   88.70ms
 99.900%  108.42ms
 99.990%  121.21ms
 99.999%  129.60ms
100.000%  134.14ms

  Detailed Percentile spectrum:
       Value   Percentile   TotalCount 1/(1-Percentile)

       0.163     0.000000            1         1.00
       1.104     0.100000       112308         1.11
       1.514     0.200000       224657         1.25
       1.990     0.300000       336953         1.43
       2.693     0.400000       449319         1.67
       3.795     0.500000       561478         2.00
       4.555     0.550000       617700         2.22
       5.527     0.600000       673779         2.50
       7.083     0.650000       729896         2.86
       9.927     0.700000       786009         3.33
      14.503     0.750000       842111         4.00
      17.231     0.775000       870265         4.44
      20.191     0.800000       898226         5.00
      23.391     0.825000       926400         5.71
      27.151     0.850000       954421         6.67
      31.727     0.875000       982483         8.00
      34.655     0.887500       996513         8.89
      38.335     0.900000      1010617        10.00
      42.047     0.912500      1024615        11.43
      46.111     0.925000      1038629        13.33
      51.103     0.937500      1052637        16.00
      53.951     0.943750      1059641        17.78
      57.535     0.950000      1066652        20.00
      60.863     0.956250      1073686        22.86
      63.967     0.962500      1080722        26.67
      66.943     0.968750      1087710        32.00
      68.863     0.971875      1091212        35.56
      71.295     0.975000      1094777        40.00
      74.047     0.978125      1098289        45.71
      76.159     0.981250      1101772        53.33
      78.847     0.984375      1105264        64.00
      80.959     0.985938      1106996        71.11
      83.903     0.987500      1108767        80.00
      87.039     0.989062      1110498        91.43
      89.855     0.990625      1112248       106.67
      92.479     0.992188      1114024       128.00
      93.631     0.992969      1114877       142.22
      94.655     0.993750      1115767       160.00
      95.807     0.994531      1116661       182.86
      96.895     0.995313      1117510       213.33
      98.495     0.996094      1118405       256.00
      99.455     0.996484      1118825       284.44
     100.415     0.996875      1119284       320.00
     101.567     0.997266      1119727       365.71
     102.783     0.997656      1120149       426.67
     104.383     0.998047      1120581       512.00
     105.151     0.998242      1120801       568.89
     105.791     0.998437      1121018       640.00
     106.687     0.998633      1121237       731.43
     107.455     0.998828      1121464       853.33
     108.543     0.999023      1121689      1024.00
     108.927     0.999121      1121787      1137.78
     109.439     0.999219      1121894      1280.00
     110.079     0.999316      1122015      1462.86
     110.655     0.999414      1122115      1706.67
     111.231     0.999512      1122225      2048.00
     111.935     0.999561      1122287      2275.56
     112.319     0.999609      1122335      2560.00
     113.023     0.999658      1122391      2925.71
     113.983     0.999707      1122444      3413.33
     115.263     0.999756      1122502      4096.00
     115.647     0.999780      1122525      4551.11
     116.223     0.999805      1122553      5120.00
     117.311     0.999829      1122580      5851.43
     119.167     0.999854      1122609      6826.67
     120.063     0.999878      1122634      8192.00
     120.383     0.999890      1122648      9102.22
     121.407     0.999902      1122662     10240.00
     121.919     0.999915      1122678     11702.86
     123.007     0.999927      1122690     13653.33
     124.031     0.999939      1122705     16384.00
     124.159     0.999945      1122710     18204.44
     124.671     0.999951      1122718     20480.00
     125.055     0.999957      1122725     23405.71
     125.375     0.999963      1122730     27306.67
     126.079     0.999969      1122737     32768.00
     126.399     0.999973      1122741     36408.89
     127.423     0.999976      1122746     40960.00
     127.807     0.999979      1122748     46811.43
     128.575     0.999982      1122752     54613.33
     129.215     0.999985      1122754     65536.00
     129.535     0.999986      1122758     72817.78
     129.535     0.999988      1122758     81920.00
     129.599     0.999989      1122760     93622.86
     129.663     0.999991      1122761    109226.67
     129.919     0.999992      1122764    131072.00
     129.919     0.999993      1122764    145635.56
     129.983     0.999994      1122765    163840.00
     130.367     0.999995      1122766    187245.71
     130.367     0.999995      1122766    218453.33
     131.199     0.999996      1122767    262144.00
     132.095     0.999997      1122768    291271.11
     132.095     0.999997      1122768    327680.00
     132.351     0.999997      1122769    374491.43
     132.351     0.999998      1122769    436906.67
     132.351     0.999998      1122769    524288.00
     134.143     0.999998      1122771    582542.22
     134.143     1.000000      1122771          inf
#[Mean    =       12.461, StdDeviation   =       18.940]
#[Max     =      134.016, Total count    =      1122771]
#[Buckets =           27, SubBuckets     =         2048]
----------------------------------------------------------
  1761494 requests in 30.00s, 161.27MB read
Requests/sec:  58715.53
Transfer/sec:      5.38MB
