Running 30s test @ http://127.0.0.1:18206/
  4 threads and 1024 connections
  Thread calibration: mean lat.: 2021.491ms, rate sampling interval: 7458ms
  Thread calibration: mean lat.: 2119.423ms, rate sampling interval: 8044ms
  Thread calibration: mean lat.: 2041.449ms, rate sampling interval: 7430ms
  Thread calibration: mean lat.: 2094.810ms, rate sampling interval: 7950ms
  Thread Stats   Avg      Stdev     Max   +/- Stdev
    Latency     8.13s     2.17s   12.29s    57.57%
    Req/Sec    17.71k   534.02    18.49k    62.50%
  Latency Distribution (HdrHistogram - Recorded Latency)
 50.000%    8.13s 
 75.000%   10.04s 
 90.000%   11.08s 
 99.000%   11.94s 
 99.900%   12.14s 
 99.990%   12.21s 
 99.999%   12.25s 
100.000%   12.30s 

  Detailed Percentile spectrum:
       Value   Percentile   TotalCount 1/(1-Percentile)

    3938.303     0.000000            1         1.00
    5140.479     0.100000       131909         1.11
    5877.759     0.200000       263723         1.25
    6598.655     0.300000       395773         1.43
    7335.935     0.400000       527388         1.67
    8130.559     0.500000       659351         2.00
    8601.599     0.550000       724852         2.22
    8904.703     0.600000       791536         2.50
    9347.071     0.650000       857690         2.86
    9658.367     0.700000       923367         3.33
   10043.391     0.750000       989164         4.00
   10248.191     0.775000      1022050         4.44
   10387.455     0.800000      1055951         5.00
   10518.527     0.825000      1088669         5.71
   10682.367     0.850000      1120914         6.67
   10895.359     0.875000      1153935         8.00
   10993.663     0.887500      1169809         8.89
   11083.775     0.900000      1186761        10.00
   11165.695     0.912500      1202705        11.43
   11247.615     0.925000      1219928        13.33
   11345.919     0.937500      1236425        16.00
   11395.071     0.943750      1244165        17.78
   11452.415     0.950000      1252118        20.00
   11517.951     0.956250      1260513        22.86
   11591.679     0.962500      1269061        26.67
   11665.407     0.968750      1276759        32.00
   11706.367     0.971875      1280878        35.56
   11747.327     0.975000      1285034        40.00
   11788.287     0.978125      1289320        45.71
   11829.247     0.981250      1293646        53.33
   11870.207     0.984375      1297942        64.00
   11886.591     0.985938      1299581        71.11
   11911.167     0.987500      1301947        80.00
   11927.551     0.989062      1303525        91.43
   11952.127     0.990625      1305898       106.67
   11968.511     0.992188      1307455       128.00
   11984.895     0.992969      1308991       142.22
   11993.087     0.993750      1309726       160.00
   12009.471     0.994531      1311061       182.86
   12017.663     0.995313      1311635       213.33
   12034.047     0.996094      1312652       256.00
   12050.431     0.996484      1313489       284.44
   12058.623     0.996875      1313860       320.00
   12066.815     0.997266      1314186       365.71
   12083.199     0.997656      1314776       426.67
   12099.583     0.998047      1315309       512.00
   12107.775     0.998242      1315561       568.89
   12115.967     0.998437      1315814       640.00
   12124.159     0.998633      1316051       731.43
   12132.351     0.998828      1316285       853.33
   12140.543     0.999023      1316506      1024.00
   12148.735     0.999121      1316717      1137.78
   12148.735     0.999219      1316717      1280.00
   12156.927     0.999316      1316933      1462.86
   12165.119     0.999414      1317105      1706.67
   12165.119     0.999512      1317105      2048.00
   12173.311     0.999561      1317251      2275.56
   12173.311     0.999609      1317251      2560.00
   12181.503     0.999658      1317373      2925.71
   12181.503     0.999707      1317373      3413.33
   12189.695     0.999756      1317480      4096.00
   12189.695     0.999780      1317480      4551.11
   12197.887     0.999805      1317564      5120.00
   12197.887     0.999829      1317564      5851.43
   12197.887     0.999854      1317564      6826.67
   12206.079     0.999878      1317621      8192.00
   12206.079     0.999890      1317621      9102.22
   12206.079     0.999902      1317621     10240.00
   12214.271     0.999915      1317665     11702.86
   12214.271     0.999927      1317665     13653.33
   12214.271     0.999939      1317665     16384.00
   12222.463     0.999945      1317693     18204.44
   12222.463     0.999951      1317693     20480.00
   12222.463     0.999957      1317693     23405.71
   12222.463     0.999963      1317693     27306.67
   12230.655     0.999969      1317713     32768.00
   12230.655     0.999973      1317713     36408.89
   12230.655     0.999976      1317713     40960.00
   12230.655     0.999979      1317713     46811.43
   12238.847     0.999982      1317724     54613.33
   12238.847     0.999985      1317724     65536.00
   12238.847     0.999986      1317724     72817.78
   12238.847     0.999988      1317724     81920.00
   12238.847     0.999989      1317724     93622.86
   12247.039     0.999991      1317728    109226.67
   12247.039     0.999992      1317728    131072.00
   12255.231     0.999993      1317731    145635.56
   12255.231     0.999994      1317731    163840.00
   12255.231     0.999995      1317731    187245.71
   12263.423     0.999995      1317732    218453.33
   12271.615     0.999996      1317734    262144.00
   12271.615     0.999997      1317734    291271.11
   12271.615     0.999997      1317734    327680.00
   12279.807     0.999997      1317735    374491.43
   12279.807     0.999998      1317735    436906.67
   12287.999     0.999998      1317737    524288.00
   12287.999     0.999998      1317737    582542.22
   12287.999     0.999998      1317737    655360.00
   12287.999     0.999999      1317737    748982.86
   12287.999     0.999999      1317737    873813.33
   12287.999     0.999999      1317737   1048576.00
   12287.999     0.999999      1317737   1165084.44
   12287.999     0.999999      1317737   1310720.00
   12296.191     0.999999      1317738   1497965.71
   12296.191     1.000000      1317738          inf
#[Mean    =     8134.736, StdDeviation   =     2169.427]
#[Max     =    12288.000, Total count    =      1317738]
#[Buckets =           27, SubBuckets     =         2048]
----------------------------------------------------------
  2084342 requests in 30.00s, 190.83MB read
Requests/sec:  69476.24
Transfer/sec:      6.36MB
