Running 30s test @ http://127.0.0.1:18204/
  4 threads and 1024 connections
  Thread calibration: mean lat.: 10.014ms, rate sampling interval: 53ms
  Thread calibration: mean lat.: 11.506ms, rate sampling interval: 65ms
  Thread calibration: mean lat.: 9.746ms, rate sampling interval: 42ms
  Thread calibration: mean lat.: 14.203ms, rate sampling interval: 59ms
  Thread Stats   Avg      Stdev     Max   +/- Stdev
    Latency    10.15ms   12.28ms 113.34ms   85.61%
    Req/Sec    15.13k     1.05k   20.71k    81.87%
  Latency Distribution (HdrHistogram - Recorded Latency)
 50.000%    4.82ms
 75.000%   12.22ms
 90.000%   28.01ms
 99.000%   55.52ms
 99.900%   71.61ms
 99.990%   86.72ms
 99.999%  104.64ms
100.000%  113.41ms

  Detailed Percentile spectrum:
       Value   Percentile   TotalCount 1/(1-Percentile)

       0.065     0.000000            1         1.00
       1.601     0.100000       112291         1.11
       2.343     0.200000       224660         1.25
       3.063     0.300000       337043         1.43
       3.839     0.400000       449220         1.67
       4.819     0.500000       561658         2.00
       5.439     0.550000       617562         2.22
       6.267     0.600000       673590         2.50
       7.467     0.650000       729741         2.86
       9.359     0.700000       785919         3.33
      12.215     0.750000       841946         4.00
      14.047     0.775000       869962         4.44
      16.223     0.800000       898057         5.00
      18.831     0.825000       926224         5.71
      21.727     0.850000       954213         6.67
      24.719     0.875000       982273         8.00
      26.287     0.887500       996273         8.89
      28.015     0.900000      1010333        10.00
      30.047     0.912500      1024361        11.43
      32.351     0.925000      1038423        13.33
      35.007     0.937500      1052391        16.00
      36.511     0.943750      1059530        17.78
      38.079     0.950000      1066499        20.00
      39.775     0.956250      1073439        22.86
      41.727     0.962500      1080527        26.67
      43.967     0.968750      1087525        32.00
      45.183     0.971875      1090994        35.56
      46.559     0.975000      1094520        40.00
      47.999     0.978125      1098015        45.71
      49.503     0.981250      1101552        53.33
      51.327     0.984375      1104990        64.00
      52.351     0.985938      1106747        71.11
      53.503     0.987500      1108514        80.00
      54.687     0.989062      1110273        91.43
      56.095     0.990625      1112024       106.67
      57.631     0.992188      1113782       128.00
      58.495     0.992969      1114639       142.22
      59.711     0.993750      1115528       160.00
      60.991     0.994531      1116408       182.86
      62.111     0.995313      1117273       213.33
      63.455     0.996094      1118162       256.00
      64.063     0.996484      1118590       284.44
      64.735     0.996875      1119026       320.00
      65.599     0.997266      1119473       365.71
      66.623     0.997656      1119915       426.67
      68.223     0.998047      1120351       512.00
      68.863     0.998242      1120561       568.89
      69.439     0.998437      1120800       640.00
      70.015     0.998633      1121011       731.43
      70.847     0.998828      1121213       853.33
      71.743     0.999023      1121442      1024.00
      72.127     0.999121      1121547      1137.78
      72.639     0.999219      1121657      1280.00
      73.279     0.999316      1121769      1462.86
      74.303     0.999414      1121878      1706.67
      75.839     0.999512      1121981      2048.00
      76.735     0.999561      1122035      2275.56
      77.567     0.999609      1122090      2560.00
      78.527     0.999658      1122147      2925.71
      79.615     0.999707      1122204      3413.33
      80.959     0.999756      1122256      4096.00
      81.471     0.999780      1122282      4551.11
      82.047     0.999805      1122310      5120.00
      83.071     0.999829      1122337      5851.43
      84.479     0.999854      1122364      6826.67
      85.247     0.999878      1122392      8192.00
      85.823     0.999890      1122405      9102.22
      87.167     0.999902      1122419     10240.00
      88.063     0.999915      1122433     11702.86
      89.279     0.999927      1122446     13653.33
      90.687     0.999939      1122460     16384.00
      91.583     0.999945      1122467     18204.44
      92.415     0.999951      1122474     20480.00
      93.375     0.999957      1122481     23405.71
      94.207     0.999963      1122488     27306.67
      94.783     0.999969      1122494     32768.00
      95.359     0.999973      1122498     36408.89
      96.703     0.999976      1122501     40960.00
      97.663     0.999979      1122506     46811.43
      98.367     0.999982      1122508     54613.33
      99.007     0.999985      1122511     65536.00
      99.647     0.999986      1122513     72817.78
     100.031     0.999988      1122515     81920.00
     104.639     0.999989      1122517     93622.86
     105.471     0.999991      1122518    109226.67
     108.799     0.999992      1122520    131072.00
     109.567     0.999993      1122521    145635.56
     109.695     0.999994      1122522    163840.00
     109.823     0.999995      1122524    187245.71
     109.823     0.999995      1122524    218453.33
     109.823     0.999996      1122524    262144.00
     110.399     0.999997      1122525    291271.11
     110.399     0.999997      1122525    327680.00
     111.103     0.999997      1122526    374491.43
     111.103     0.999998      1122526    436906.67
     111.103     0.999998      1122526    524288.00
     112.063     0.999998      1122527    582542.22
     112.063     0.999998      1122527    655360.00
     112.063     0.999999      1122527    748982.86
     112.063     0.999999      1122527    873813.33
     112.063     0.999999      1122527   1048576.00
     113.407     0.999999      1122528   1165084.44
     113.407     1.000000      1122528          inf
#[Mean    =       10.148, StdDeviation   =       12.281]
#[Max     =      113.344, Total count    =      1122528]
#[Buckets =           27, SubBuckets     =         2048]
----------------------------------------------------------
  1741516 requests in 30.00s, 159.44MB read
Requests/sec:  58049.21
Transfer/sec:      5.31MB
