Running 30s test @ http://127.0.0.1:18205/
  4 threads and 1024 connections
  Thread calibration: mean lat.: 17.638ms, rate sampling interval: 105ms
  Thread calibration: mean lat.: 21.071ms, rate sampling interval: 128ms
  Thread calibration: mean lat.: 19.867ms, rate sampling interval: 142ms
  Thread calibration: mean lat.: 17.405ms, rate sampling interval: 84ms
  Thread Stats   Avg      Stdev     Max   +/- Stdev
    Latency    27.09ms   35.32ms 167.04ms   80.52%
    Req/Sec    15.07k     1.35k   21.07k    77.06%
  Latency Distribution (HdrHistogram - Recorded Latency)
 50.000%    7.51ms
 75.000%   45.82ms
 90.000%   88.38ms
 99.000%  126.78ms
 99.900%  139.39ms
 99.990%  154.11ms
 99.999%  160.77ms
100.000%  167.17ms

  Detailed Percentile spectrum:
       Value   Percentile   TotalCount 1/(1-Percentile)

       0.061     0.000000            1         1.00
       1.578     0.100000       112470         1.11
       2.525     0.200000       224701         1.25
       3.941     0.300000       337052         1.43
       5.635     0.400000       449453         1.67
       7.507     0.500000       561684         2.00
       8.767     0.550000       617868         2.22
      10.863     0.600000       674096         2.50
      15.999     0.650000       730186         2.86
      30.159     0.700000       786339         3.33
      45.823     0.750000       842491         4.00
      53.599     0.775000       870618         4.44
      61.023     0.800000       898696         5.00
      67.711     0.825000       926780         5.71
      74.303     0.850000       954995         6.67
      80.447     0.875000       982998         8.00
      84.095     0.887500       996959         8.89
      88.383     0.900000      1011161        10.00
      92.479     0.912500      1025067        11.43
      96.127     0.925000      1039099        13.33
      99.967     0.937500      1053148        16.00
     101.887     0.943750      1060202        17.78
     104.063     0.950000      1067191        20.00
     106.367     0.956250      1074274        22.86
     108.799     0.962500      1081352        26.67
     111.615     0.968750      1088195        32.00
     113.471     0.971875      1091727        35.56
     115.135     0.975000      1095235        40.00
     117.119     0.978125      1098784        45.71
     119.807     0.981250      1102263        53.33
     122.687     0.984375      1105744        64.00
     124.031     0.985938      1107516        71.11
     125.119     0.987500      1109276        80.00
     126.079     0.989062      1111080        91.43
     127.295     0.990625      1112838       106.67
     128.383     0.992188      1114589       128.00
     128.959     0.992969      1115463       142.22
     129.727     0.993750      1116277       160.00
     130.687     0.994531      1117154       182.86
     131.711     0.995313      1118045       213.33
     132.735     0.996094      1118991       256.00
     133.375     0.996484      1119429       284.44
     133.887     0.996875      1119823       320.00
     134.527     0.997266      1120261       365.71
     135.423     0.997656      1120715       426.67
     136.319     0.998047      1121131       512.00
     136.703     0.998242      1121328       568.89
     137.215     0.998437      1121562       640.00
     137.727     0.998633      1121772       731.43
     138.495     0.998828      1122005       853.33
     139.391     0.999023      1122197      1024.00
     140.159     0.999121      1122324      1137.78
     140.927     0.999219      1122416      1280.00
     142.079     0.999316      1122528      1462.86
     143.999     0.999414      1122641      1706.67
     145.279     0.999512      1122751      2048.00
     145.919     0.999561      1122800      2275.56
     146.943     0.999609      1122859      2560.00
     147.583     0.999658      1122919      2925.71
     148.479     0.999707      1122970      3413.33
     150.015     0.999756      1123021      4096.00
     150.655     0.999780      1123047      4551.11
     151.167     0.999805      1123074      5120.00
     151.935     0.999829      1123104      5851.43
     152.575     0.999854      1123131      6826.67
     153.727     0.999878      1123163      8192.00
     153.983     0.999890      1123174      9102.22
     154.239     0.999902      1123185     10240.00
     154.495     0.999915      1123199     11702.86
     154.879     0.999927      1123214     13653.33
     155.263     0.999939      1123226     16384.00
     155.647     0.999945      1123233     18204.44
     155.903     0.999951      1123241     20480.00
     156.287     0.999957      1123246     23405.71
     156.671     0.999963      1123253     27306.67
     157.055     0.999969      1123261     32768.00
     157.311     0.999973      1123265     36408.89
     157.439     0.999976      1123268     40960.00
     157.695     0.999979      1123271     46811.43
     157.951     0.999982      1123273     54613.33
     158.719     0.999985      1123276     65536.00
     159.231     0.999986      1123278     72817.78
     160.639     0.999988      1123280     81920.00
     160.767     0.999989      1123282     93622.86
     161.023     0.999991      1123283    109226.67
     161.407     0.999992      1123285    131072.00
     161.535     0.999993      1123286    145635.56
     162.175     0.999994      1123287    163840.00
     162.687     0.999995      1123288    187245.71
     162.687     0.999995      1123288    218453.33
     164.863     0.999996      1123289    262144.00
     165.247     0.999997      1123290    291271.11
     165.247     0.999997      1123290    327680.00
     166.399     0.999997      1123291    374491.43
     166.399     0.999998      1123291    436906.67
     166.399     0.999998      1123291    524288.00
     166.655     0.999998      1123292    582542.22
     166.655     0.999998      1123292    655360.00
     166.655     0.999999      1123292    748982.86
     166.655     0.999999      1123292    873813.33
     166.655     0.999999      1123292   1048576.00
     167.167     0.999999      1123293   1165084.44
     167.167     1.000000      1123293          inf
#[Mean    =       27.091, StdDeviation   =       35.319]
#[Max     =      167.040, Total count    =      1123293]
#[Buckets =           27, SubBuckets     =         2048]
----------------------------------------------------------
  1747772 requests in 30.00s, 160.01MB read
Requests/sec:  58257.71
Transfer/sec:      5.33MB
