Running 30s test @ http://127.0.0.1:18207/
  4 threads and 1024 connections
  Thread calibration: mean lat.: 2653.494ms, rate sampling interval: 8560ms
  Thread calibration: mean lat.: 2577.033ms, rate sampling interval: 8822ms
  Thread calibration: mean lat.: 2596.349ms, rate sampling interval: 8880ms
  Thread calibration: mean lat.: 2687.846ms, rate sampling interval: 8921ms
  Thread Stats   Avg      Stdev     Max   +/- Stdev
    Latency     8.79s     2.26s   12.98s    57.94%
    Req/Sec    17.30k   226.84    17.62k    62.50%
  Latency Distribution (HdrHistogram - Recorded Latency)
 50.000%    8.72s 
 75.000%   10.75s 
 90.000%   11.98s 
 99.000%   12.75s 
 99.900%   12.89s 
 99.990%   12.94s 
 99.999%   12.97s 
100.000%   12.98s 

  Detailed Percentile spectrum:
       Value   Percentile   TotalCount 1/(1-Percentile)

    4612.095     0.000000            1         1.00
    5750.783     0.100000       129451         1.11
    6438.911     0.200000       258970         1.25
    7127.039     0.300000       388105         1.43
    7966.719     0.400000       517171         1.67
    8724.479     0.500000       647015         2.00
    9207.807     0.550000       711468         2.22
    9519.103     0.600000       776699         2.50
    9945.087     0.650000       840076         2.86
   10305.535     0.700000       905539         3.33
   10747.903     0.750000       969358         4.00
   10969.087     0.775000      1003263         4.44
   11108.351     0.800000      1034504         5.00
   11263.999     0.825000      1066507         5.71
   11509.759     0.850000      1099122         6.67
   11780.095     0.875000      1130927         8.00
   11894.783     0.887500      1148199         8.89
   11984.895     0.900000      1164807        10.00
   12058.623     0.912500      1180481        11.43
   12132.351     0.925000      1195862        13.33
   12230.655     0.937500      1212069        16.00
   12287.999     0.943750      1219759        17.78
   12353.535     0.950000      1227782        20.00
   12419.071     0.956250      1236196        22.86
   12484.607     0.962500      1244810        26.67
   12550.143     0.968750      1252660        32.00
   12582.911     0.971875      1256522        35.56
   12615.679     0.975000      1260579        40.00
   12648.447     0.978125      1264938        45.71
   12673.023     0.981250      1268418        53.33
   12705.791     0.984375      1273340        64.00
   12713.983     0.985938      1274588        71.11
   12730.367     0.987500      1277047        80.00
   12738.559     0.989062      1278259        91.43
   12754.943     0.990625      1280520       106.67
   12771.327     0.992188      1282554       128.00
   12779.519     0.992969      1283515       142.22
   12787.711     0.993750      1284429       160.00
   12804.095     0.994531      1286125       182.86
   12812.287     0.995313      1286885       213.33
   12820.479     0.996094      1287572       256.00
   12828.671     0.996484      1288223       284.44
   12836.863     0.996875      1288776       320.00
   12845.055     0.997266      1289291       365.71
   12853.247     0.997656      1289749       426.67
   12861.439     0.998047      1290165       512.00
   12861.439     0.998242      1290165       568.89
   12869.631     0.998437      1290526       640.00
   12877.823     0.998633      1290866       731.43
   12886.015     0.998828      1291171       853.33
   12886.015     0.999023      1291171      1024.00
   12894.207     0.999121      1291447      1137.78
   12894.207     0.999219      1291447      1280.00
   12902.399     0.999316      1291678      1462.86
   12902.399     0.999414      1291678      1706.67
   12910.591     0.999512      1291881      2048.00
   12910.591     0.999561      1291881      2275.56
   12910.591     0.999609      1291881      2560.00
   12918.783     0.999658      1292036      2925.71
   12918.783     0.999707      1292036      3413.33
   12926.975     0.999756      1292157      4096.00
   12926.975     0.999780      1292157      4551.11
   12926.975     0.999805      1292157      5120.00
   12935.167     0.999829      1292243      5851.43
   12935.167     0.999854      1292243      6826.67
   12935.167     0.999878      1292243      8192.00
   12935.167     0.999890      1292243      9102.22
   12943.359     0.999902      1292302     10240.00
   12943.359     0.999915      1292302     11702.86
   12943.359     0.999927      1292302     13653.33
   12951.551     0.999939      1292337     16384.00
   12951.551     0.999945      1292337     18204.44
   12951.551     0.999951      1292337     20480.00
   12951.551     0.999957      1292337     23405.71
   12951.551     0.999963      1292337     27306.67
   12959.743     0.999969      1292363     32768.00
   12959.743     0.999973      1292363     36408.89
   12959.743     0.999976      1292363     40960.00
   12959.743     0.999979      1292363     46811.43
   12959.743     0.999982      1292363     54613.33
   12959.743     0.999985      1292363     65536.00
   12967.935     0.999986      1292375     72817.78
   12967.935     0.999988      1292375     81920.00
   12967.935     0.999989      1292375     93622.86
   12967.935     0.999991      1292375    109226.67
   12967.935     0.999992      1292375    131072.00
   12967.935     0.999993      1292375    145635.56
   12967.935     0.999994      1292375    163840.00
   12976.127     0.999995      1292380    187245.71
   12976.127     0.999995      1292380    218453.33
   12976.127     0.999996      1292380    262144.00
   12976.127     0.999997      1292380    291271.11
   12976.127     0.999997      1292380    327680.00
   12976.127     0.999997      1292380    374491.43
   12976.127     0.999998      1292380    436906.67
   12976.127     0.999998      1292380    524288.00
   12976.127     0.999998      1292380    582542.22
   12984.319     0.999998      1292382    655360.00
   12984.319     1.000000      1292382          inf
#[Mean    =     8788.077, StdDeviation   =     2259.423]
#[Max     =    12976.128, Total count    =      1292382]
#[Buckets =           27, SubBuckets     =         2048]
----------------------------------------------------------
  1976866 requests in 30.00s, 180.99MB read
Requests/sec:  65892.51
Transfer/sec:      6.03MB
