Running 30s test @ http://127.0.0.1:18211/
  4 threads and 1024 connections
  Thread calibration: mean lat.: 2248.678ms, rate sampling interval: 8241ms
  Thread calibration: mean lat.: 2180.629ms, rate sampling interval: 8048ms
  Thread calibration: mean lat.: 2247.302ms, rate sampling interval: 8437ms
  Thread calibration: mean lat.: 2225.822ms, rate sampling interval: 8155ms
  Thread Stats   Avg      Stdev     Max   +/- Stdev
    Latency     8.93s     2.41s   13.24s    58.66%
    Req/Sec    16.71k   131.56    16.94k    50.00%
  Latency Distribution (HdrHistogram - Recorded Latency)
 50.000%    8.90s 
 75.000%   11.08s 
 90.000%   12.24s 
 99.000%   13.03s 
 99.900%   13.15s 
 99.990%   13.20s 
 99.999%   13.23s 
100.000%   13.25s 

  Detailed Percentile spectrum:
       Value   Percentile   TotalCount 1/(1-Percentile)

    4575.231     0.000000            1         1.00
    5599.231     0.100000       125627         1.11
    6467.583     0.200000       250875         1.25
    7274.495     0.300000       376288         1.43
    8065.023     0.400000       502160         1.67
    8896.511     0.500000       627285         2.00
    9379.839     0.550000       691223         2.22
    9748.479     0.600000       752905         2.50
   10264.575     0.650000       815727         2.86
   10600.447     0.700000       878568         3.33
   11075.583     0.750000       940759         4.00
   11255.807     0.775000       972739         4.44
   11427.839     0.800000      1004890         5.00
   11640.831     0.825000      1035447         5.71
   11878.399     0.850000      1066560         6.67
   12075.007     0.875000      1098823         8.00
   12148.735     0.887500      1113337         8.89
   12238.847     0.900000      1129803        10.00
   12320.767     0.912500      1144568        11.43
   12435.455     0.925000      1160502        13.33
   12558.335     0.937500      1176053        16.00
   12623.871     0.943750      1184116        17.78
   12689.407     0.950000      1192394        20.00
   12738.559     0.956250      1199477        22.86
   12795.903     0.962500      1207866        26.67
   12845.055     0.968750      1215182        32.00
   12877.823     0.971875      1220138        35.56
   12902.399     0.975000      1223863        40.00
   12926.975     0.978125      1227502        45.71
   12951.551     0.981250      1231100        53.33
   12984.319     0.984375      1235817        64.00
   12992.511     0.985938      1237015        71.11
   13008.895     0.987500      1239412        80.00
   13017.087     0.989062      1240555        91.43
   13033.471     0.990625      1242822       106.67
   13049.855     0.992188      1244947       128.00
   13058.047     0.992969      1245957       142.22
   13066.239     0.993750      1246914       160.00
   13074.431     0.994531      1247822       182.86
   13082.623     0.995313      1248673       213.33
   13090.815     0.996094      1249423       256.00
   13099.007     0.996484      1250130       284.44
   13107.199     0.996875      1250769       320.00
   13115.391     0.997266      1251352       365.71
   13115.391     0.997656      1251352       426.67
   13123.583     0.998047      1251882       512.00
   13131.775     0.998242      1252363       568.89
   13131.775     0.998437      1252363       640.00
   13139.967     0.998633      1252773       731.43
   13148.159     0.998828      1253127       853.33
   13148.159     0.999023      1253127      1024.00
   13156.351     0.999121      1253398      1137.78
   13156.351     0.999219      1253398      1280.00
   13164.543     0.999316      1253623      1462.86
   13164.543     0.999414      1253623      1706.67
   13172.735     0.999512      1253807      2048.00
   13172.735     0.999561      1253807      2275.56
   13172.735     0.999609      1253807      2560.00
   13180.927     0.999658      1253957      2925.71
   13180.927     0.999707      1253957      3413.33
   13189.119     0.999756      1254076      4096.00
   13189.119     0.999780      1254076      4551.11
   13189.119     0.999805      1254076      5120.00
   13189.119     0.999829      1254076      5851.43
   13197.311     0.999854      1254156      6826.67
   13197.311     0.999878      1254156      8192.00
   13197.311     0.999890      1254156      9102.22
   13197.311     0.999902      1254156     10240.00
   13205.503     0.999915      1254209     11702.86
   13205.503     0.999927      1254209     13653.33
   13205.503     0.999939      1254209     16384.00
   13205.503     0.999945      1254209     18204.44
   13213.695     0.999951      1254235     20480.00
   13213.695     0.999957      1254235     23405.71
   13213.695     0.999963      1254235     27306.67
   13213.695     0.999969      1254235     32768.00
   13221.887     0.999973      1254253     36408.89
   13221.887     0.999976      1254253     40960.00
   13221.887     0.999979      1254253     46811.43
   13221.887     0.999982      1254253     54613.33
   13230.079     0.999985      1254265     65536.00
   13230.079     0.999986      1254265     72817.78
   13230.079     0.999988      1254265     81920.00
   13230.079     0.999989      1254265     93622.86
   13230.079     0.999991      1254265    109226.67
   13230.079     0.999992      1254265    131072.00
   13230.079     0.999993      1254265    145635.56
   13238.271     0.999994      1254271    163840.00
   13238.271     0.999995      1254271    187245.71
   13238.271     0.999995      1254271    218453.33
   13238.271     0.999996      1254271    262144.00
   13238.271     0.999997      1254271    291271.11
   13238.271     0.999997      1254271    327680.00
   13238.271     0.999997      1254271    374491.43
   13238.271     0.999998      1254271    436906.67
   13238.271     0.999998      1254271    524288.00
   13238.271     0.999998      1254271    582542.22
   13246.463     0.999998      1254273    655360.00
   13246.463     1.000000      1254273          inf
#[Mean    =     8932.516, StdDeviation   =     2413.544]
#[Max     =    13238.272, Total count    =      1254273]
#[Buckets =           27, SubBuckets     =         2048]
----------------------------------------------------------
  1918216 requests in 30.00s, 175.62MB read
Requests/sec:  63939.55
Transfer/sec:      5.85MB
