Running 30s test @ http://127.0.0.1:18209/
  4 threads and 1024 connections
  Thread calibration: mean lat.: 13.879ms, rate sampling interval: 102ms
  Thread calibration: mean lat.: 11.511ms, rate sampling interval: 71ms
  Thread calibration: mean lat.: 13.385ms, rate sampling interval: 83ms
  Thread calibration: mean lat.: 19.211ms, rate sampling interval: 102ms
  Thread Stats   Avg      Stdev     Max   +/- Stdev
    Latency    29.24ms   35.16ms 187.39ms   83.25%
    Req/Sec    15.09k     1.59k   21.03k    74.31%
  Latency Distribution (HdrHistogram - Recorded Latency)
 50.000%   12.22ms
 75.000%   43.42ms
 90.000%   84.10ms
 99.000%  143.87ms
 99.900%  156.03ms
 99.990%  168.32ms
 99.999%  184.83ms
100.000%  187.52ms

  Detailed Percentile spectrum:
       Value   Percentile   TotalCount 1/(1-Percentile)

       0.053     0.000000            1         1.00
       1.899     0.100000       112287         1.11
       3.337     0.200000       224620         1.25
       5.019     0.300000       337107         1.43
       7.199     0.400000       449213         1.67
      12.223     0.500000       561508         2.00
      16.527     0.550000       617652         2.22
      21.071     0.600000       673830         2.50
      27.503     0.650000       729932         2.86
      35.263     0.700000       786219         3.33
      43.423     0.750000       842243         4.00
      48.895     0.775000       870233         4.44
      55.519     0.800000       898405         5.00
      62.431     0.825000       926424         5.71
      68.671     0.850000       954643         6.67
      75.711     0.875000       982547         8.00
      79.999     0.887500       996717         8.89
      84.095     0.900000      1010629        10.00
      89.087     0.912500      1024640        11.43
      94.335     0.925000      1038676        13.33
      99.839     0.937500      1052730        16.00
     103.295     0.943750      1059770        17.78
     107.391     0.950000      1066756        20.00
     111.487     0.956250      1073745        22.86
     115.391     0.962500      1080750        26.67
     120.191     0.968750      1087786        32.00
     123.647     0.971875      1091329        35.56
     126.911     0.975000      1094792        40.00
     130.239     0.978125      1098296        45.71
     133.503     0.981250      1101862        53.33
     136.703     0.984375      1105341        64.00
     138.623     0.985938      1107174        71.11
     140.543     0.987500      1108811        80.00
     142.591     0.989062      1110597        91.43
     144.639     0.990625      1112321       106.67
     146.687     0.992188      1114103       128.00
     147.583     0.992969      1115079       142.22
     148.351     0.993750      1115914       160.00
     149.119     0.994531      1116756       182.86
     149.759     0.995313      1117607       213.33
     150.527     0.996094      1118536       256.00
     150.911     0.996484      1118906       284.44
     151.551     0.996875      1119425       320.00
     152.063     0.997266      1119803       365.71
     152.575     0.997656      1120227       426.67
     153.343     0.998047      1120726       512.00
     153.599     0.998242      1120877       568.89
     154.111     0.998437      1121143       640.00
     154.623     0.998633      1121347       731.43
     155.263     0.998828      1121541       853.33
     156.159     0.999023      1121761      1024.00
     156.799     0.999121      1121886      1137.78
     157.311     0.999219      1121970      1280.00
     158.079     0.999316      1122088      1462.86
     159.103     0.999414      1122196      1706.67
     160.383     0.999512      1122311      2048.00
     160.895     0.999561      1122363      2275.56
     161.407     0.999609      1122417      2560.00
     162.047     0.999658      1122471      2925.71
     162.687     0.999707      1122524      3413.33
     163.327     0.999756      1122585      4096.00
     163.583     0.999780      1122601      4551.11
     164.223     0.999805      1122630      5120.00
     165.375     0.999829      1122657      5851.43
     166.527     0.999854      1122685      6826.67
     167.295     0.999878      1122711      8192.00
     167.935     0.999890      1122724      9102.22
     168.447     0.999902      1122738     10240.00
     168.959     0.999915      1122752     11702.86
     170.239     0.999927      1122764     13653.33
     173.183     0.999939      1122778     16384.00
     175.231     0.999945      1122785     18204.44
     176.895     0.999951      1122792     20480.00
     178.687     0.999957      1122799     23405.71
     181.119     0.999963      1122805     27306.67
     183.423     0.999969      1122813     32768.00
     183.679     0.999973      1122816     36408.89
     183.935     0.999976      1122821     40960.00
     184.063     0.999979      1122826     46811.43
     184.063     0.999982      1122826     54613.33
     184.319     0.999985      1122829     65536.00
     184.447     0.999986      1122831     72817.78
     184.703     0.999988      1122834     81920.00
     184.831     0.999989      1122835     93622.86
     185.087     0.999991      1122837    109226.67
     185.215     0.999992      1122838    131072.00
     185.343     0.999993      1122840    145635.56
     185.343     0.999994      1122840    163840.00
     185.471     0.999995      1122841    187245.71
     185.471     0.999995      1122841    218453.33
     185.599     0.999996      1122843    262144.00
     185.599     0.999997      1122843    291271.11
     185.599     0.999997      1122843    327680.00
     186.623     0.999997      1122844    374491.43
     186.623     0.999998      1122844    436906.67
     186.623     0.999998      1122844    524288.00
     187.263     0.999998      1122845    582542.22
     187.263     0.999998      1122845    655360.00
     187.263     0.999999      1122845    748982.86
     187.263     0.999999      1122845    873813.33
     187.263     0.999999      1122845   1048576.00
     187.519     0.999999      1122846   1165084.44
     187.519     1.000000      1122846          inf
#[Mean    =       29.241, StdDeviation   =       35.157]
#[Max     =      187.392, Total count    =      1122846]
#[Buckets =           27, SubBuckets     =         2048]
----------------------------------------------------------
  1747132 requests in 30.00s, 159.95MB read
Requests/sec:  58234.98
Transfer/sec:      5.33MB
