Running 30s test @ http://127.0.0.1:18208/
  4 threads and 1024 connections
  Thread calibration: mean lat.: 10.473ms, rate sampling interval: 67ms
  Thread calibration: mean lat.: 19.836ms, rate sampling interval: 106ms
  Thread calibration: mean lat.: 10.916ms, rate sampling interval: 56ms
  Thread calibration: mean lat.: 9.579ms, rate sampling interval: 52ms
  Thread Stats   Avg      Stdev     Max   +/- Stdev
    Latency    23.49ms   30.92ms 205.82ms   85.94%
    Req/Sec    15.13k     1.52k   21.25k    77.03%
  Latency Distribution (HdrHistogram - Recorded Latency)
 50.000%    9.01ms
 75.000%   32.03ms
 90.000%   69.38ms
 99.000%  127.93ms
 99.900%  151.29ms
 99.990%  169.73ms
 99.999%  190.34ms
100.000%  205.95ms

  Detailed Percentile spectrum:
       Value   Percentile   TotalCount 1/(1-Percentile)

       0.039     0.000000            1         1.00
       1.484     0.100000       112281         1.11
       2.301     0.200000       224571         1.25
       3.777     0.300000       336940         1.43
       5.951     0.400000       449247         1.67
       9.007     0.500000       561580         2.00
      11.647     0.550000       617529         2.22
      15.007     0.600000       673712         2.50
      19.231     0.650000       729898         2.86
      24.527     0.700000       786071         3.33
      32.031     0.750000       842170         4.00
      36.223     0.775000       870314         4.44
      40.511     0.800000       898356         5.00
      45.951     0.825000       926456         5.71
      51.903     0.850000       954395         6.67
      58.911     0.875000       982444         8.00
      64.063     0.887500       996499         8.89
      69.375     0.900000      1010524        10.00
      76.351     0.912500      1024603        11.43
      84.159     0.925000      1038659        13.33
      92.095     0.937500      1052694        16.00
      96.063     0.943750      1059687        17.78
     100.415     0.950000      1066752        20.00
     103.807     0.956250      1073753        22.86
     106.815     0.962500      1080741        26.67
     109.695     0.968750      1087742        32.00
     111.231     0.971875      1091268        35.56
     113.151     0.975000      1094710        40.00
     115.647     0.978125      1098224        45.71
     118.719     0.981250      1101785        53.33
     122.111     0.984375      1105276        64.00
     123.647     0.985938      1106993        71.11
     125.311     0.987500      1108767        80.00
     126.911     0.989062      1110510        91.43
     128.575     0.990625      1112278       106.67
     130.559     0.992188      1114010       128.00
     131.711     0.992969      1114891       142.22
     133.247     0.993750      1115802       160.00
     135.167     0.994531      1116672       182.86
     137.471     0.995313      1117535       213.33
     139.903     0.996094      1118392       256.00
     141.183     0.996484      1118842       284.44
     142.591     0.996875      1119296       320.00
     143.871     0.997266      1119724       365.71
     145.279     0.997656      1120173       426.67
     146.687     0.998047      1120602       512.00
     147.455     0.998242      1120832       568.89
     148.223     0.998437      1121045       640.00
     149.119     0.998633      1121255       731.43
     150.143     0.998828      1121478       853.33
     151.423     0.999023      1121686      1024.00
     152.319     0.999121      1121813      1137.78
     152.959     0.999219      1121904      1280.00
     153.983     0.999316      1122010      1462.86
     154.751     0.999414      1122118      1706.67
     156.031     0.999512      1122226      2048.00
     156.799     0.999561      1122284      2275.56
     158.079     0.999609      1122339      2560.00
     158.975     0.999658      1122391      2925.71
     160.383     0.999707      1122446      3413.33
     161.919     0.999756      1122501      4096.00
     162.687     0.999780      1122529      4551.11
     163.839     0.999805      1122556      5120.00
     164.735     0.999829      1122583      5851.43
     166.143     0.999854      1122613      6826.67
     167.679     0.999878      1122637      8192.00
     168.831     0.999890      1122652      9102.22
     169.983     0.999902      1122666     10240.00
     171.903     0.999915      1122682     11702.86
     172.671     0.999927      1122692     13653.33
     174.207     0.999939      1122706     16384.00
     174.591     0.999945      1122714     18204.44
     175.615     0.999951      1122721     20480.00
     176.255     0.999957      1122727     23405.71
     177.791     0.999963      1122734     27306.67
     178.687     0.999969      1122740     32768.00
     179.199     0.999973      1122745     36408.89
     179.583     0.999976      1122747     40960.00
     181.247     0.999979      1122751     46811.43
     182.015     0.999982      1122754     54613.33
     183.679     0.999985      1122757     65536.00
     184.319     0.999986      1122759     72817.78
     187.903     0.999988      1122761     81920.00
     190.335     0.999989      1122763     93622.86
     192.383     0.999991      1122764    109226.67
     195.199     0.999992      1122766    131072.00
     198.399     0.999993      1122767    145635.56
     198.783     0.999994      1122768    163840.00
     199.935     0.999995      1122769    187245.71
     199.935     0.999995      1122769    218453.33
     202.111     0.999996      1122770    262144.00
     202.495     0.999997      1122771    291271.11
     202.495     0.999997      1122771    327680.00
     203.007     0.999997      1122772    374491.43
     203.007     0.999998      1122772    436906.67
     203.007     0.999998      1122772    524288.00
     204.543     0.999998      1122773    582542.22
     204.543     0.999998      1122773    655360.00
     204.543     0.999999      1122773    748982.86
     204.543     0.999999      1122773    873813.33
     204.543     0.999999      1122773   1048576.00
     205.951     0.999999      1122774   1165084.44
     205.951     1.000000      1122774          inf
#[Mean    =       23.487, StdDeviation   =       30.921]
#[Max     =      205.824, Total count    =      1122774]
#[Buckets =           27, SubBuckets     =         2048]
----------------------------------------------------------
  1754768 requests in 30.00s, 160.65MB read
Requests/sec:  58488.98
Transfer/sec:      5.35MB
