Running 30s test @ http://127.0.0.1:18210/
  4 threads and 1024 connections
  Thread calibration: mean lat.: 2235.900ms, rate sampling interval: 8122ms
  Thread calibration: mean lat.: 2218.728ms, rate sampling interval: 8052ms
  Thread calibration: mean lat.: 2218.227ms, rate sampling interval: 8196ms
  Thread calibration: mean lat.: 2212.413ms, rate sampling interval: 7880ms
  Thread Stats   Avg      Stdev     Max   +/- Stdev
    Latency     8.59s     2.34s   12.88s    58.46%
    Req/Sec    17.07k   121.57    17.31k    62.50%
  Latency Distribution (HdrHistogram - Recorded Latency)
 50.000%    8.60s 
 75.000%   10.67s 
 90.000%   11.80s 
 99.000%   12.60s 
 99.900%   12.79s 
 99.990%   12.84s 
 99.999%   12.87s 
100.000%   12.89s 

  Detailed Percentile spectrum:
       Value   Percentile   TotalCount 1/(1-Percentile)

    4304.895     0.000000            1         1.00
    5402.623     0.100000       128699         1.11
    6156.287     0.200000       256707         1.25
    6946.815     0.300000       385047         1.43
    7749.631     0.400000       513329         1.67
    8601.599     0.500000       642078         2.00
    9052.159     0.550000       705878         2.22
    9396.223     0.600000       769631         2.50
    9846.783     0.650000       834053         2.86
   10207.231     0.700000       897949         3.33
   10674.175     0.750000       962517         4.00
   10829.823     0.775000       995060         4.44
   10977.279     0.800000      1027262         5.00
   11165.695     0.825000      1058732         5.71
   11436.031     0.850000      1090875         6.67
   11640.831     0.875000      1123548         8.00
   11722.751     0.887500      1139673         8.89
   11796.479     0.900000      1155058        10.00
   11878.399     0.912500      1170496        11.43
   11976.703     0.925000      1186485        13.33
   12099.583     0.937500      1202551        16.00
   12173.311     0.943750      1211471        17.78
   12230.655     0.950000      1218799        20.00
   12287.999     0.956250      1226653        22.86
   12345.343     0.962500      1235724        26.67
   12386.303     0.968750      1242617        32.00
   12410.879     0.971875      1246646        35.56
   12435.455     0.975000      1250708        40.00
   12468.223     0.978125      1255713        45.71
   12492.799     0.981250      1258884        53.33
   12525.567     0.984375      1262653        64.00
   12550.143     0.985938      1265342        71.11
   12566.527     0.987500      1267134        80.00
   12582.911     0.989062      1268936        91.43
   12599.295     0.990625      1270741       106.67
   12623.871     0.992188      1273338       128.00
   12632.063     0.992969      1274103       142.22
   12640.255     0.993750      1274800       160.00
   12656.639     0.994531      1275976       182.86
   12673.023     0.995313      1276916       213.33
   12689.407     0.996094      1277684       256.00
   12705.791     0.996484      1278358       284.44
   12722.175     0.996875      1278969       320.00
   12730.367     0.997266      1279299       365.71
   12746.751     0.997656      1279958       426.67
   12754.943     0.998047      1280312       512.00
   12763.135     0.998242      1280656       568.89
   12771.327     0.998437      1280989       640.00
   12771.327     0.998633      1280989       731.43
   12779.519     0.998828      1281301       853.33
   12787.711     0.999023      1281587      1024.00
   12787.711     0.999121      1281587      1137.78
   12795.903     0.999219      1281847      1280.00
   12795.903     0.999316      1281847      1462.86
   12804.095     0.999414      1282068      1706.67
   12804.095     0.999512      1282068      2048.00
   12812.287     0.999561      1282255      2275.56
   12812.287     0.999609      1282255      2560.00
   12812.287     0.999658      1282255      2925.71
   12820.479     0.999707      1282400      3413.33
   12820.479     0.999756      1282400      4096.00
   12828.671     0.999780      1282514      4551.11
   12828.671     0.999805      1282514      5120.00
   12828.671     0.999829      1282514      5851.43
   12828.671     0.999854      1282514      6826.67
   12836.863     0.999878      1282585      8192.00
   12836.863     0.999890      1282585      9102.22
   12836.863     0.999902      1282585     10240.00
   12836.863     0.999915      1282585     11702.86
   12845.055     0.999927      1282623     13653.33
   12845.055     0.999939      1282623     16384.00
   12845.055     0.999945      1282623     18204.44
   12845.055     0.999951      1282623     20480.00
   12853.247     0.999957      1282651     23405.71
   12853.247     0.999963      1282651     27306.67
   12853.247     0.999969      1282651     32768.00
   12853.247     0.999973      1282651     36408.89
   12861.439     0.999976      1282669     40960.00
   12861.439     0.999979      1282669     46811.43
   12861.439     0.999982      1282669     54613.33
   12861.439     0.999985      1282669     65536.00
   12861.439     0.999986      1282669     72817.78
   12869.631     0.999988      1282677     81920.00
   12869.631     0.999989      1282677     93622.86
   12869.631     0.999991      1282677    109226.67
   12869.631     0.999992      1282677    131072.00
   12869.631     0.999993      1282677    145635.56
   12877.823     0.999994      1282682    163840.00
   12877.823     0.999995      1282682    187245.71
   12877.823     0.999995      1282682    218453.33
   12877.823     0.999996      1282682    262144.00
   12877.823     0.999997      1282682    291271.11
   12877.823     0.999997      1282682    327680.00
   12877.823     0.999997      1282682    374491.43
   12886.015     0.999998      1282685    436906.67
   12886.015     1.000000      1282685          inf
#[Mean    =     8591.794, StdDeviation   =     2338.086]
#[Max     =    12877.824, Total count    =      1282685]
#[Buckets =           27, SubBuckets     =         2048]
----------------------------------------------------------
  2000677 requests in 30.00s, 183.17MB read
Requests/sec:  66686.42
Transfer/sec:      6.11MB
